2438
2693
2694
2695
2948
2949
2950
2951
2952
3205
3206
3207
3208
3209
3462
3463
3464
3465
3466
3719
3720
3721
3722
3723
3949
3975
3976
3977
3978
3979
4204
4205
4206
4231
4232
4233
4234
4235
4459
4460
4461
4462
4463
4487
4488
4489
4490
4491
4716
4717
4718
4743
4744
4745
4746
4747
4971
4972
4973
4974
4975
5000
5001
5002
5003
5004
5228
5229
5230
5231
5232
5257
5258
5259
5260
5261
5485
5486
5487
5488
5514
5515
5516
5517
5741
5742
5743
5744
5745
5770
5771
5772
5773
5774
5997
5998
5999
6000
6001
6027
6028
6029
6030
6031
6253
6254
6255
6256
6257
6284
6285
6286
6509
6510
6511
6512
6513
6539
6540
6541
6542
6543
6765
6766
6767
6768
6769
6795
6796
6797
6798
6799
7021
7022
7023
7024
7025
7052
7053
7054
7055
7056
7277
7278
7279
7280
7281
7308
7309
7310
7311
7312
7533
7534
7535
7536
7537
7564
7565
7566
7567
7568
7789
7790
7791
7792
7793
7820
7821
7822
7823
7824
8045
8046
8047
8048
8049
8076
8077
8078
8079
8080
8302
8303
8304
8332
8333
8334
8335
8336
8557
8558
8559
8560
8561
8588
8589
8590
8591
8592
8813
8814
8815
8816
8817
8845
8846
8847
9070
9071
9072
9100
9101
9102
9103
9104
9325
9326
9327
9328
9329
9356
9357
9358
9359
9360
9581
9582
9583
9584
9585
9613
9614
9615
9837
9838
9839
9840
9841
9868
9869
9870
9871
9872
10094
10095
10096
10097
10098
10125
10126
10127
10350
10351
10352
10353
10354
10355
10380
10381
10382
10383
10384
10607
10608
10609
10610
10611
10612
10636
10637
10638
10639
10640
10864
10865
10866
10867
10868
10869
10870
10871
10893
10894
10895
11121
11122
11123
11124
11125
11126
11127
11128
11148
11149
11150
11151
11152
11378
11379
11380
11381
11382
11383
11384
11385
11404
11405
11406
11407
11408
11635
11636
11637
11638
11639
11640
11641
11642
11661
11662
11663
11893
11894
11895
11896
11897
11898
11899
11916
11917
11918
11919
11920
12151
12152
12153
12154
12155
12156
12157
12172
12173
12174
12175
12176
12408
12409
12410
12411
12412
12413
12414
12428
12429
12430
12431
12432
12664
12665
12666
12667
12668
12669
12670
12671
12684
12685
12686
12687
12688
12921
12922
12923
12924
12925
12926
12927
12940
12941
12942
12943
12944
13178
13179
13180
13181
13182
13183
13196
13197
13198
13199
13200
13435
13436
13437
13438
13439
13453
13454
13455
13691
13692
13693
13694
13695
13708
13709
13710
13711
13712
13947
13948
13949
13950
13951
13964
13965
13966
13967
13968
14203
14204
14205
14206
14207
14220
14221
14222
14223
14224
14460
14461
14462
14476
14477
14478
14479
14480
14715
14716
14717
14718
14719
14732
14733
14734
14735
14736
14971
14972
14973
14974
14975
14988
14989
14990
14991
14992
15228
15229
15230
15244
15245
15246
15247
15248
15483
15484
15485
15486
15487
15500
15501
15502
15503
15504
15739
15740
15741
15742
15743
15757
15758
15759
15996
15997
15998
16012
16013
16014
16015
16016
16251
16252
16253
16254
16255
16268
16269
16270
16271
16272
16507
16508
16509
16510
16511
16525
16526
16527
16764
16765
16766
16780
16781
16782
16783
16784
17020
17021
17022
17037
17038
17039
17275
17276
17277
17278
17279
17292
17293
17294
17295
17296
17531
17532
17533
17534
17535
17548
17549
17550
17551
17552
17788
17789
17790
17805
17806
17807
18043
18044
18045
18046
18047
18060
18061
18062
18063
18064
18300
18301
18302
18316
18317
18318
18319
18320
18555
18556
18557
18558
18559
18573
18574
18575
18602
18812
18813
18814
18828
18829
18830
18831
18832
18857
18858
18859
19068
19069
19070
19084
19085
19086
19087
19088
19112
19113
19114
19115
19116
19323
19324
19325
19326
19327
19341
19342
19343
19344
19368
19369
19370
19371
19372
19580
19581
19582
19597
19598
19599
19600
19601
19624
19625
19626
19627
19628
19835
19836
19837
19838
19839
19853
19854
19855
19856
19857
19858
19880
19881
19882
19883
19884
20091
20092
20093
20094
20095
20110
20111
20112
20113
20136
20137
20138
20139
20140
20348
20349
20350
20367
20368
20393
20394
20395
20396
20397
20604
20605
20606
20649
20650
20651
20652
20653
20859
20860
20861
20862
20863
20905
20906
20907
20908
20909
21115
21116
21117
21118
21119
21161
21162
21163
21164
21165
21372
21373
21374
21417
21418
21419
21420
21421
21627
21628
21629
21630
21631
21673
21674
21675
21676
21677
21884
21885
21886
21929
21930
21931
21932
21933
22140
22141
22142
22185
22186
22187
22188
22189
22395
22396
22397
22398
22399
22441
22442
22443
22444
22445
22651
22652
22653
22654
22655
22697
22698
22699
22700
22908
22909
22910
22952
22953
22954
22955
22956
23163
23164
23165
23166
23167
23207
23208
23209
23210
23211
23420
23421
23422
23462
23463
23464
23465
23466
23467
23677
23718
23719
23720
23721
23722
23973
23974
23975
23976
23977
24230
24231
24232
24487
27021
27276
27277
27278
27531
27532
27533
27534
27535
27787
27788
27789
27790
27791
28042
28043
28044
28045
28046
28297
28298
28299
28300
28301
28302
28541
28552
28553
28554
28555
28556
28557
28796
28797
28798
28799
28800
28802
28803
28804
28805
28806
28807
28808
28809
28810
28811
28812
29051
29052
29053
29054
29055
29056
29057
29058
29059
29060
29061
29062
29063
29064
29065
29066
29067
29068
29307
29308
29309
29310
29311
29312
29313
29314
29315
29316
29317
29318
29319
29320
29321
29322
29323
29564
29565
29566
29567
29568
29569
29570
29571
29572
29573
29574
29575
29576
29577
29578
29821
29822
29823
29824
29826
29827
29828
29829
29830
29831
29832
37987
38242
38243
38244
38497
38498
38499
38500
38501
38752
38753
38754
38755
38756
38757
39008
39009
39010
39011
39012
39262
39263
39264
39265
39266
39267
39514
39515
39516
39517
39518
39519
39520
39521
39522
39769
39770
39771
39772
39773
39774
39775
39776
39777
40023
40024
40025
40026
40027
40028
40029
40030
40031
40032
40278
40279
40280
40281
40282
40283
40284
40285
40286
40532
40533
40534
40535
40536
40537
40538
40539
40540
40541
40548
40787
40788
40789
40790
40791
40792
40793
40794
40803
40804
40805
41042
41043
41044
41045
41046
41047
41048
41058
41059
41060
41061
41062
41298
41299
41300
41301
41302
41303
41313
41314
41315
41316
41317
41554
41555
41556
41557
41558
41569
41570
41571
41572
41809
41810
41811
41812
41813
41824
41825
41826
41827
41828
42064
42065
42066
42067
42068
42069
42079
42080
42081
42082
42083
42320
42321
42322
42323
42324
42335
42336
42337
42338
42339
42575
42576
42577
42578
42579
42590
42591
42592
42593
42594
42832
42833
42834
42846
42847
42848
42849
42850
43087
43088
43089
43090
43091
43102
43103
43104
43105
43106
43342
43343
43344
43345
43346
43357
43358
43359
43360
43361
43598
43599
43600
43601
43613
43614
43615
43616
43617
43853
43854
43855
43856
43857
43868
43869
43870
43871
43872
44109
44110
44111
44112
44113
44124
44125
44126
44127
44128
44364
44365
44366
44367
44368
44381
44382
44383
44620
44621
44622
44623
44624
44635
44636
44637
44638
44639
44640
44875
44876
44877
44878
44879
44890
44891
44892
44893
44894
44895
45131
45132
45133
45134
45135
45145
45146
45147
45148
45149
45150
45387
45388
45389
45390
45391
45400
45401
45402
45403
45404
45405
45642
45643
45644
45645
45646
45655
45656
45657
45658
45659
45898
45899
45900
45901
45902
45911
45912
45913
45914
45915
46154
46155
46156
46157
46158
46166
46167
46168
46169
46170
46409
46410
46411
46412
46413
46421
46422
46423
46424
46425
46426
46665
46666
46667
46668
46669
46676
46677
46678
46679
46680
46681
46920
46921
46922
46923
46924
46925
46932
46933
46934
46935
46936
47177
47178
47179
47180
47187
47188
47189
47190
47191
47432
47433
47434
47435
47436
47443
47444
47445
47446
47447
47687
47688
47689
47690
47691
47699
47700
47701
47702
47703
47943
47944
47945
47946
47947
47955
47956
47957
47958
47959
48198
48199
48200
48201
48202
48212
48213
48214
48454
48455
48456
48457
48469
48709
48710
48711
48712
48713
48965
48966
48967
48968
48969
49220
49221
49222
49223
49224
49225
49476
49477
49478
49479
49480
49732
49733
49734
49735
49736
49987
49988
49989
49990
49991
49992
50243
50244
50245
50246
50247
50499
50500
50501
50502
50503
50754
50755
50756
50757
50758
51010
51011
51012
51013
51265
51266
51267
51268
51269
51521
51522
51523
51524
51525
51776
51777
51778
51779
51780
51781
52032
52033
52034
52035
52036
52287
52288
52289
52290
52291
52542
52543
52544
52545
52546
52547
52798
52799
52800
52801
52802
53053
53054
53055
53056
53057
53309
53310
53311
53312
53313
53564
53565
53566
53567
53568
53819
53820
53821
53822
53823
53824
54075
54076
54077
54078
54079
54323
54324
54325
54326
54327
54328
54329
54330
