8999
9254
9255
9256
9509
9510
9511
9512
9513
9766
9767
9768
10021
10022
10023
10024
10025
10278
10279
10280
10534
10535
10536
10789
10790
10791
10792
10793
11046
11047
11048
11301
11302
11303
11556
11557
11558
11559
11560
11813
11814
11815
12069
12070
12071
12324
12325
12326
12327
12328
12581
12582
12583
12838
13093
13094
13095
13348
13349
13350
13351
13352
13605
13606
13607
13861
13862
14116
14117
14118
14371
14372
14373
14374
14375
14628
14629
14630
14885
15090
15140
15141
15142
15345
15346
15347
15395
15396
15397
15398
15399
15600
15601
15602
15603
15604
15652
15653
15654
15856
15857
15858
15859
15860
15908
15909
15910
16112
16113
16114
16115
16116
16163
16164
16165
16166
16167
16368
16369
16370
16371
16372
16420
16421
16422
16625
16626
16627
16676
16677
16881
16882
16883
16931
16932
16933
17136
17137
17138
17139
17140
17186
17187
17188
17189
17190
17393
17394
17395
17441
17442
17443
17444
17445
17648
17649
17650
17651
17652
17696
17697
17698
17699
17700
17904
17905
17906
17907
17908
17953
17954
17955
18161
18162
18163
18209
18210
18211
18416
18417
18418
18419
18420
18464
18465
18466
18467
18468
18673
18674
18675
18720
18721
18722
18723
18724
18928
18929
18930
18931
18932
18977
18978
18979
19185
19186
19187
19232
19233
19234
19235
19236
19440
19441
19442
19443
19444
19488
19489
19490
19491
19696
19697
19698
19699
19700
19743
19744
19745
19746
19747
19953
19954
19955
19998
19999
20000
20001
20002
20208
20209
20210
20211
20212
20253
20254
20255
20256
20257
20464
20465
20466
20467
20468
20510
20511
20512
20720
20721
20722
20723
20724
20766
20767
20768
20977
20978
20979
21021
21022
21023
21024
21025
21232
21233
21234
21235
21236
21277
21278
21279
21280
21281
21488
21489
21490
21491
21534
21535
21536
21743
21744
21745
21746
21747
21789
21790
21791
21792
21793
21999
22000
22001
22002
22003
22046
22047
22048
22256
22257
22258
22301
22302
22303
22304
22305
22511
22512
22513
22557
22558
22559
22560
22561
22766
22767
22768
22769
22770
22814
22815
22816
23022
23023
23024
23025
23026
23069
23070
23071
23072
23073
23279
23280
23281
23325
23326
23327
23328
23534
23535
23536
23580
23581
23582
23583
23584
23789
23790
23791
23792
23793
23836
23837
23838
23839
23840
24046
24047
24048
24092
24093
24094
24095
24301
24302
24303
24304
24305
24347
24348
24349
24350
24351
24558
24559
24560
24604
24605
24606
24813
24814
24815
24859
24860
24861
24862
24863
25068
25069
25070
25071
25072
25114
25115
25116
25117
25118
25325
25326
25327
25369
25370
25371
25372
25373
25580
25581
25582
25583
25584
25625
25626
25627
25628
25629
25837
25838
25839
25881
25882
25883
25884
25885
26092
26093
26094
26138
26139
26140
26347
26348
26349
26350
26351
26393
26394
26395
26396
26397
26603
26604
26605
26606
26649
26650
26651
26652
26858
26859
26860
26861
26862
26904
26905
26906
26907
26908
27114
27115
27116
27117
27118
27160
27161
27162
27163
27164
27370
27371
27372
27373
27417
27418
27419
27625
27626
27627
27628
27629
27672
27673
27674
27675
27676
27881
27882
27883
27884
27885
27928
27929
27930
27931
27932
28138
28139
28140
28184
28185
28186
28187
28393
28394
28395
28396
28397
28439
28440
28441
28442
28443
28649
28650
28651
28652
28653
28696
28697
28698
28905
28906
28907
28908
28951
28952
28953
28954
28955
29160
29161
29162
29163
29164
29208
29209
29210
29417
29418
29419
29463
29464
29465
29466
29467
29672
29673
29674
29675
29676
29718
29719
29720
29721
29722
29928
29929
29930
29931
29932
29974
29975
29976
29977
29978
30184
30185
30186
30187
30188
30230
30231
30232
30233
30234
30439
30440
30441
30442
30443
30486
30487
30488
30489
30490
30696
30697
30698
30743
30744
30745
30951
30952
30953
30998
30999
31000
31001
31002
31206
31207
31208
31209
31210
31253
31254
31255
31256
31257
31463
31464
31465
31509
31510
31511
31512
31513
31718
31719
31720
31721
31722
31766
31767
31768
31974
31975
31976
31977
31978
32022
32023
32024
32231
32232
32233
32277
32278
32279
32280
32281
32486
32487
32488
32489
32490
32533
32534
32535
32536
32537
32743
32744
32745
32789
32790
32791
32792
32793
32998
32999
33000
33001
33002
33045
33046
33047
33048
33049
33255
33256
33257
33301
33302
3330