1905
1906
1907
1908
1909
1910
1911
1912
1913
1914
1915
1916
1917
1918
1919
1920
1921
1922
1923
1924
1926
2159
2160
2161
2162
2163
2164
2165
2166
2167
2168
2169
2170
2171
2172
2173
2174
2175
2176
2177
2178
2179
2180
2181
2182
2183
2414
2415
2416
2417
2418
2419
2420
2421
2422
2423
2424
2425
2426
2427
2428
2429
2430
2431
2432
2433
2434
2435
2436
2437
2438
2439
2440
2668
2669
2670
2671
2672
2673
2674
2675
2676
2677
2678
2679
2680
2681
2682
2683
2684
2685
2686
2687
2688
2689
2690
2691
2692
2693
2694
2695
2696
2923
2924
2925
2926
2927
2928
2929
2930
2931
2932
2933
2934
2935
2936
2937
2938
2939
2940
2941
2942
2943
2944
2945
2946
2947
2948
2949
2950
2951
2952
2953
3178
3179
3180
3181
3182
3183
3184
3205
3206
3207
3208
3209
3433
3434
3435
3436
3437
3438
3461
3462
3463
3464
3465
3689
3690
3691
3692
3693
3718
3719
3720
3721
3722
3946
3947
3948
3949
3950
3974
3975
3976
3977
3978
4203
4204
4205
4206
4207
4230
4231
4232
4233
4234
4460
4461
4462
4487
4488
4489
4490
4491
4715
4716
4717
4718
4719
4743
4744
4745
4746
4747
4971
4972
4973
4974
4975
4999
5000
5001
5002
5003
5228
5229
5230
5231
5255
5256
5257
5258
5259
5483
5484
5485
5486
5487
5488
5512
5513
5514
5515
5740
5741
5742
5743
5744
5768
5769
5770
5771
5772
5996
5997
5998
5999
6000
6025
6026
6027
6028
6029
6252
6253
6254
6255
6256
6281
6282
6283
6284
6285
6286
6508
6509
6510
6511
6512
6513
6538
6539
6540
6541
6542
6765
6766
6767
6768
6769
6770
6794
6795
6796
6797
6798
7022
7023
7024
7025
7026
7050
7051
7052
7053
7054
7278
7279
7280
7281
7282
7307
7308
7309
7310
7311
7534
7535
7536
7537
7538
7563
7564
7565
7566
7567
7790
7791
7792
7793
7794
7820
7821
7822
7823
8046
8047
8048
8049
8050
8076
8077
8078
8079
8080
8302
8303
8304
8305
8306
8332
8333
8334
8335
8336
8558
8559
8560
8561
8562
8588
8589
8590
8591
8592
8814
8815
8816
8817
8818
8844
8845
8846
8847
8848
9070
9071
9072
9073
9074
9100
9101
9102
9103
9104
9326
9327
9328
9329
9330
9331
9356
9357
9358
9359
9360
9583
9584
9585
9586
9587
9613
9614
9615
9616
9617
9839
9840
9841
9842
9843
9869
9870
9871
9872
9873
10095
10096
10097
10098
10099
10125
10126
10127
10128
10129
10351
10352
10353
10354
10355
10381
10382
10383
10384
10385
10607
10608
10609
10610
10611
10612
10637
10638
10639
10640
10641
10864
10865
10866
10867
10868
10869
10893
10894
10895
10896
10897
11121
11122
11123
11124
11125
11149
11150
11151
11152
11153
11377
11378
11379
11380
11381
11405
11406
11407
11408
11409
11633
11634
11635
11636
11637
11661
11662
11663
11664
11665
11889
11890
11891
11892
11893
11917
11918
11919
11920
11921
12146
12147
12148
12149
12150
12173
12174
12175
12176
12177
12402
12403
12404
12405
12406
12430
12431
12432
12433
12434
12658
12659
12660
12661
12662
12687
12688
12689
12690
12691
12914
12915
12916
12917
12918
12919
12943
12944
12945
12946
12947
13171
13172
13173
13174
13175
13176
13200
13201
13202
13428
13429
13430
13431
13432
13455
13456
13457
13458
13459
13684
13685
13686
13687
13688
13711
13712
13713
13714
13715
13940
13941
13942
13943
13944
13967
13968
13969
13970
13971
14196
14197
14198
14199
14200
14223
14224
14225
14226
14227
14452
14453
14454
14455
14456
14480
14481
14482
14708
14709
14710
14711
14712
14735
14736
14737
14738
14739
14965
14966
14967
14968
14969
14991
14992
14993
14994
14995
15221
15222
15223
15224
15225
15226
15247
15248
15249
15250
15251
15478
15479
15480
15481
15482
15503
15504
15505
15506
15507
15735
15736
15737
15738
15739
15759
15760
15761
15762
15763
15991
15992
15993
15994
15995
16015
16016
16017
16018
16019
16020
16247
16248
16249
16250
16251
16272
16273
16274
16275
16276
16277
16503
16504
16505
16506
16507
16529
16530
16531
16532
16533
16759
16760
16761
16762
16763
16785
16786
16787
16788
16789
17016
17017
17018
17019
17020
17042
17043
17044
17045
17046
17272
17273
17274
17275
17276
17298
17299
17300
17301
17302
17529
17530
17531
17532
17533
17554
17555
17556
17557
17558
17785
17786
17787
17788
17789
17811
17812
17813
17814
17815
18041
18042
18043
18044
18045
18067
18068
18069
18070
18071
18298
18299
18300
18301
18302
18323
18324
18325
18326
18327
18554
18555
18556
18557
18558
18579
18580
18581
18582
18583
18810
18811
18812
18813
18814
18835
18836
18837
18838
18839
19067
19068
19069
19070
19091
19092
19093
19094
19095
19323
19324
19325
19326
19327
19347
19348
19349
19350
19351
19579
19580
19581
19582
19583
19603
19604
19605
19606
19607
19835
19836
19837
19838
19839
19859
19860
19861
19862
19863
20091
20092
20093
20094
20095
20115
20116
20117
20118
20119
20347
20348
20349
20350
20351
20371
20372
20373
20374
20375
20603
20604
20605
20606
20607
20627
20628
20629
20630
20631
20859
20860
20861
20862
20863
20883
20884
20885
20886
20887
21115
21116
21117
21118
21119
21139
21140
21141
21142
21143
21371
21372
21373
21374
21375
21395
21396
21397
21398
21399
21627
21628
21629
21630
21631
21651
21652
21653
21654
21655
21883
21884
21885
21886
21887
21907
21908
21909
21910
21911
22139
22140
22141
22142
22143
22163
22164
22165
22166
22167
22395
22396
22397
22398
22399
22419
22420
22421
22422
22423
22651
22652
22653
22654
22655
22675
22676
22677
22678
22679
22907
22908
22909
22910
22911
22930
22931
22932
22933
22934
23163
23164
23165
23166
23167
23185
23186
23187
23188
23189
23190
23419
23420
23421
23422
23423
23441
23442
23443
23444
23445
23675
23676
23677
23678
23679
23696
23697
23698
23699
23700
23931
23932
23933
23934
23935
23952
23953
23954
23955
23956
24187
24188
24189
24190
24191
24207
24208
24209
24210
24211
24442
24443
24444
24445
24446
24463
24464
24465
24466
24467
24697
24698
24699
24700
24701
24719
24720
24721
24722
24954
24955
24956
24974
24975
24976
24977
24978
25209
25210
25211
25212
25213
25231
25232
25233
25465
25466
25467
25468
25469
25486
25487
25488
25489
25490
25720
25721
25722
25723
25724
25742
25743
25744
25745
25746
25976
25977
25978
25979
25980
25997
25998
25999
26000
26001
26231
26232
26233
26234
26235
26236
26252
26253
26254
26255
26256
26257
26486
26487
26488
26489
26490
26491
26508
26509
26510
26511
26512
26742
26743
26744
26745
26746
26764
26765
26766
26767
26768
26998
26999
27000
27001
27002
27020
27021
27022
27023
27024
27254
27255
27256
27257
27258
27275
27276
27277
27278
27279
27509
27510
27511
27512
27513
27531
27532
27533
27534
27535
27765
27766
27767
27768
27769
27787
27788
27789
27790
27791
28022
28023
28024
28043
28044
28045
28046
28047
28277
28278
28279
28280
28281
28299
28300
28301
28302
28532
28533
28534
28535
28536
28554
28555
28556
28557
28558
28787
28788
28789
28790
28791
28810
28811
28812
28813
29043
29044
29045
29046
29047
29065
29066
29067
29068
29069
29298
29299
29300
29301
29302
29321
29322
29323
29324
29325
29554
29555
29556
29557
29558
29577
29578
29579
29580
29581
29809
29810
29811
29812
29813
29814
29832
29833
29834
29835
29836
30064
30065
30066
30067
30068
30069
30087
30088
30089
30090
30091
30092
30319
30320
30321
30322
30323
30324
30341
30342
30343
30344
30345
30346
30347
30575
30576
30577
30578
30579
30596
30597
30598
30599
30600
30601
30602
30830
30831
30832
30833
30834
30835
30850
30851
30852
30853
30854
30855
30856
30857
31085
31086
31087
31088
31089
31090
31105
31106
31107
31108
31109
31110
31111
31112
31341
31342
31343
31344
31345
31360
31361
31362
31363
31364
31365
31366
31367
31597
31598
31599
31600
31601
31615
31616
31617
31618
31619
31620
31621
31852
31853
31854
31855
31856
31870
31871
31872
31873
31874
31875
32108
32109
32110
32111
32112
32125
32126
32127
32128
32129
32130
32363
32364
32365
32366
32367
32381
32382
32383
32384
32385
32618
32619
32620
32621
32622
32636
32637
32638
32639
32640
32875
32876
32877
32891
32892
32893
32894
32895
32896
33130
33131
33132
33133
33134
33146
33147
33148
33149
33150
33151
33385
33386
33387
33388
33389
33402
33403
33404
33405
33406
33640
33641
33642
33643
33644
33658
33659
33660
33661
33662
33895
33896
33897
33898
33899
33913
33914
33915
33916
33917
33918
34150
34151
34152
34153
34154
34155
34168
34169
34170
34171
34172
34173
34405
34406
34407
34408
34409
34410
34423
34424
34425
34426
34427
34428
34660
34661
34662
34663
34664
34665
34678
34679
34680
34681
34682
34683
34916
34917
34918
34919
34920
34933
34934
34935
34936
34937
34938
35171
35172
35173
35174
35175
35189
35190
35191
35192
35193
35426
35427
35428
35429
35430
35443
35444
35445
35446
