9258
9512
9513
9514
9515
9767
9768
9769
9770
9771
9772
10022
10023
10024
10025
10026
10027
10279
10280
10281
10282
10536
10791
10792
10793
11046
11047
11048
11049
11050
11303
11304
11305
11558
11559
11560
11813
11814
11815
11816
11817
12070
12071
12072
12326
12327
12328
12581
12582
12583
12584
12585
12838
12839
12840
13095
13350
13351
13352
13605
13606
13607
13608
13609
13862
13863
13864
14119
14374
14629
14630
14631
14884
14885
14886
14887
14888
15085
15141
15142
15143
15340
15341
15342
15398
15595
15596
15597
15598
15599
15851
15852
15853
15854
15855
15908
16107
16108
16109
16110
16111
16163
16164
16165
16362
16363
16364
16365
16366
16418
16419
16420
16421
16422
16618
16619
16620
16621
16622
16675
16676
16677
16874
16875
16876
16877
16932
17129
17130
17131
17132
17133
17385
17386
17387
17388
17442
17640
17641
17642
17643
17644
17697
17698
17699
17897
17898
17899
17952
17953
17954
17955
17956
18153
18154
18209
18210
18211
18408
18409
18410
18466
18663
18664
18665
18666
18667
18920
18921
18922
19175
19176
19177
19233
19430
19431
19432
19433
19434
19488
19489
19490
19687
19688
19689
19743
19744
19745
19746
19747
19943
19944
20000
20001
20002
20198
20199
20200
20257
20453
20454
20455
20456
20457
20710
20711
20712
20965
20966
20967
21022
21220
21221
21222
21223
21224
21277
21278
21279
21477
21478
21479
21532
21533
21534
21535
21536
21734
21789
21790
21791
22046
22245
22500
22501
22502
22557
22755
22756
22757
22758
22759
22812
22813
22814
23012
23013
23014
23067
23068
23069
23070
23071
23267
23269
23324
23325
23326
23522
23523
23524
23580
23581
23777
23778
23779
23780
23781
23835
23836
23837
24034
24035
24036
24090
24091
24092
24093
24094
24291
24347
24348
24349
24544
24604
24799
24800
24801
25054
25055
25056
25057
25058
25311
25312
25313
25369
25568
25624
25625
25626
25879
25880
25881
25882
25883
26079
26136
26137
26138
26334
26335
26336
26392
26393
26589
26590
26591
26592
26593
26647
26648
26649
26846
26847
26848
26902
26903
26904
26905
26906
27101
27103
27159
27160
27161
27356
27357
27358
27416
27611
27612
27613
27614
27615
27671
27868
27869
27870
27926
27927
27928
28125
28181
28182
28183
28184
28185
28379
28438
28439
28440
28634
28635
28636
28693
28695
28889
28890
28891
28892
28893
28948
28949
28950
29146
29147
29148
29203
29204
29205
29206
29207
29403
29460
29461
29462
29715
29716
29717
29718
29719
29913
29972
29973
29974
30168
30169
30170
30229
30423
30424
30425
30426
30427
30484
30680
30681
30682
30739
30740
30741
30937
30994
30995
30996
30997
30998
31251
31252
31253
31446
31506
31507
31508
31701
31702
31703
31761
31762
31763
31764
31765
31956
31957
31958
31959
31960
32018
32019
32020
32213
32214
32215
32273
32274
32275
32276
32277
32468
32469
32470
32529
32530
32531
32532
32723
32724
32725
32726
32727
32784
32785
32786
32787
32788
32980
32981
32982
33040
33041
33042
33043
33237
33295
33296
33297
33298
33299
33551
33552
33553
33554
33555
33808
33809
33810
34063
34064
34065
34066
34067
34258
34319
34320
34321
34322
34323
34513
34514
34515
34575
34576
34577
34578
34768
34769
34770
34771
34772
34830
34831
34832
34833
34834
35025
35026
35027
35086
35087
35088
35089
35090
35282
35343
35344
35345
35598
35599
35600
35601
35602
35793
35854
35855
35856
35857
35858
36048
36049
36050
36111
36112
36113
36303
36304
36305
36306
36307
36368
36560
36561
36562
36815
36816
36817
37070
37071
37072
37073
37074
37327
37328
37329
37581
37584
37836
37837
37838
38091
38092
38093
38094
38095
38348
38349
38350
38604
38605
38606
38859
38860
38861
38862
38863
39115
39116
39117
39118
39370
39371
39372
39373
39374
39627
39628
39629
39882
39884
40137
40138
40139
40392
40393
40394
40395
40396
40648
40649
40650
40651
40652
40905
40906
40907
41160
41161
41162
41415
41416
41417
41418
41419
41672
41673
41674
41927
41928
41929
42182
42183
42184
42185
42186
42437
42438
42439
42440
42441
42693
42694
42695
42696
42948
42949
42950
42951
42952
43204
43205
43206
43207
43459
43460
43461
43462
43463
43716
43717
43718
43970
43971
43972
43973
44225
44226
44227
44228
44229
44230
44480
44481
44482
44483
44484
44485
44737
44738
44739
44740
44992
44993
44994
44995
449